Total pixels: 12750
Different pixels: 4791
Match rate: 62.42%

First 20 differences (top-down coordinates):
  (16,27): LVGL=(0, 0, 0, 0) Rust=(255, 200, 0, 255)
  (17,27): LVGL=(0, 0, 0, 0) Rust=(255, 200, 0, 255)
  (18,27): LVGL=(0, 0, 0, 0) Rust=(255, 200, 0, 255)
  (19,27): LVGL=(0, 0, 0, 0) Rust=(255, 200, 0, 255)
  (20,27): LVGL=(0, 0, 0, 0) Rust=(255, 200, 0, 255)
  (21,27): LVGL=(0, 0, 0, 0) Rust=(255, 200, 0, 255)
  (22,27): LVGL=(0, 0, 0, 0) Rust=(255, 200, 0, 255)
  (23,27): LVGL=(0, 0, 0, 0) Rust=(255, 200, 0, 255)
  (24,27): LVGL=(0, 0, 0, 0) Rust=(255, 200, 0, 255)
  (25,27): LVGL=(0, 0, 0, 0) Rust=(255, 200, 0, 255)
  (26,27): LVGL=(0, 0, 0, 0) Rust=(255, 200, 0, 255)
  (27,27): LVGL=(0, 0, 0, 0) Rust=(255, 200, 0, 255)
  (28,27): LVGL=(0, 0, 0, 0) Rust=(255, 200, 0, 255)
  (29,27): LVGL=(0, 0, 0, 0) Rust=(255, 200, 0, 255)
  (30,27): LVGL=(0, 0, 0, 0) Rust=(255, 200, 0, 255)
  (31,27): LVGL=(0, 0, 0, 0) Rust=(255, 200, 0, 255)
  (32,27): LVGL=(0, 0, 0, 0) Rust=(255, 200, 0, 255)
  (33,27): LVGL=(0, 0, 0, 0) Rust=(255, 200, 0, 255)
  (34,27): LVGL=(0, 0, 0, 0) Rust=(255, 200, 0, 255)
  (35,27): LVGL=(0, 0, 0, 0) Rust=(255, 200, 0, 255)
