Total pixels: 12750
Different pixels: 320
Match rate: 97.49%

First 20 differences (top-down coordinates):
  (83,62): LVGL=(255, 200, 0, 255) Rust=(255, 200, 0, 0)
  (86,62): LVGL=(0, 0, 0, 0) Rust=(255, 200, 0, 255)
  (83,63): LVGL=(255, 200, 0, 255) Rust=(255, 200, 0, 0)
  (86,63): LVGL=(0, 0, 0, 0) Rust=(255, 200, 0, 255)
  (82,64): LVGL=(255, 200, 0, 15) Rust=(255, 200, 0, 0)
  (83,64): LVGL=(255, 200, 0, 255) Rust=(255, 200, 0, 0)
  (85,64): LVGL=(255, 200, 0, 240) Rust=(255, 200, 0, 255)
  (86,64): LVGL=(0, 0, 0, 0) Rust=(255, 200, 0, 255)
  (82,65): LVGL=(255, 200, 0, 63) Rust=(255, 200, 0, 0)
  (83,65): LVGL=(255, 200, 0, 255) Rust=(255, 200, 0, 15)
  (85,65): LVGL=(255, 200, 0, 192) Rust=(255, 200, 0, 255)
  (86,65): LVGL=(0, 0, 0, 0) Rust=(255, 200, 0, 240)
  (82,66): LVGL=(255, 200, 0, 79) Rust=(255, 200, 0, 0)
  (83,66): LVGL=(255, 200, 0, 255) Rust=(255, 200, 0, 63)
  (85,66): LVGL=(255, 200, 0, 192) Rust=(255, 200, 0, 255)
  (86,66): LVGL=(0, 0, 0, 0) Rust=(255, 200, 0, 192)
  (82,67): LVGL=(255, 200, 0, 127) Rust=(255, 200, 0, 0)
  (83,67): LVGL=(255, 200, 0, 255) Rust=(255, 200, 0, 79)
  (85,67): LVGL=(255, 200, 0, 128) Rust=(255, 200, 0, 255)
  (86,67): LVGL=(0, 0, 0, 0) Rust=(255, 200, 0, 192)
