Total pixels: 12750
Different pixels: 364
Match rate: 97.15%

First 20 differences (top-down coordinates):
  (83,62): LVGL=(255, 200, 0, 255) Rust=(255, 200, 0, 254)
  (84,62): LVGL=(255, 200, 0, 255) Rust=(255, 200, 0, 254)
  (85,62): LVGL=(255, 200, 0, 255) Rust=(255, 200, 0, 254)
  (86,62): LVGL=(0, 0, 0, 0) Rust=(255, 200, 0, 254)
  (83,63): LVGL=(255, 200, 0, 255) Rust=(255, 200, 0, 0)
  (84,63): LVGL=(255, 200, 0, 255) Rust=(255, 200, 0, 254)
  (85,63): LVGL=(255, 200, 0, 255) Rust=(255, 200, 0, 254)
  (86,63): LVGL=(0, 0, 0, 0) Rust=(255, 200, 0, 254)
  (82,64): LVGL=(255, 200, 0, 15) Rust=(255, 200, 0, 0)
  (83,64): LVGL=(255, 200, 0, 255) Rust=(255, 200, 0, 0)
  (84,64): LVGL=(255, 200, 0, 255) Rust=(255, 200, 0, 254)
  (85,64): LVGL=(255, 200, 0, 240) Rust=(255, 200, 0, 254)
  (86,64): LVGL=(0, 0, 0, 0) Rust=(255, 200, 0, 254)
  (82,65): LVGL=(255, 200, 0, 63) Rust=(255, 200, 0, 0)
  (83,65): LVGL=(255, 200, 0, 255) Rust=(255, 200, 0, 14)
  (84,65): LVGL=(255, 200, 0, 255) Rust=(255, 200, 0, 254)
  (85,65): LVGL=(255, 200, 0, 192) Rust=(255, 200, 0, 254)
  (86,65): LVGL=(0, 0, 0, 0) Rust=(255, 200, 0, 239)
  (82,66): LVGL=(255, 200, 0, 79) Rust=(255, 200, 0, 0)
  (83,66): LVGL=(255, 200, 0, 255) Rust=(255, 200, 0, 62)
