Total pixels: 12750
Different pixels: 2423
Match rate: 81.00%

First 20 differences (top-down coordinates):
  (16,62): LVGL=(255, 200, 0, 0) Rust=(0, 0, 0, 0)
  (17,62): LVGL=(255, 200, 0, 0) Rust=(0, 0, 0, 0)
  (18,62): LVGL=(255, 200, 0, 0) Rust=(0, 0, 0, 0)
  (19,62): LVGL=(255, 200, 0, 0) Rust=(0, 0, 0, 0)
  (20,62): LVGL=(255, 200, 0, 0) Rust=(0, 0, 0, 0)
  (21,62): LVGL=(255, 200, 0, 0) Rust=(0, 0, 0, 0)
  (22,62): LVGL=(255, 200, 0, 0) Rust=(0, 0, 0, 0)
  (23,62): LVGL=(255, 200, 0, 0) Rust=(0, 0, 0, 0)
  (24,62): LVGL=(255, 200, 0, 0) Rust=(0, 0, 0, 0)
  (25,62): LVGL=(255, 200, 0, 0) Rust=(0, 0, 0, 0)
  (26,62): LVGL=(255, 200, 0, 0) Rust=(0, 0, 0, 0)
  (27,62): LVGL=(255, 200, 0, 0) Rust=(0, 0, 0, 0)
  (28,62): LVGL=(255, 200, 0, 0) Rust=(0, 0, 0, 0)
  (29,62): LVGL=(255, 200, 0, 0) Rust=(0, 0, 0, 0)
  (30,62): LVGL=(255, 200, 0, 0) Rust=(0, 0, 0, 0)
  (31,62): LVGL=(255, 200, 0, 0) Rust=(0, 0, 0, 0)
  (32,62): LVGL=(255, 200, 0, 0) Rust=(0, 0, 0, 0)
  (33,62): LVGL=(255, 200, 0, 0) Rust=(0, 0, 0, 0)
  (34,62): LVGL=(255, 200, 0, 0) Rust=(0, 0, 0, 0)
  (35,62): LVGL=(255, 200, 0, 0) Rust=(0, 0, 0, 0)
