Total pixels: 12750
Different pixels: 364
Match rate: 97.15%

First 20 differences (top-down coordinates):
  (83,62): LVGL=(255, 200, 0, 0) Rust=(255, 200, 0, 255)
  (84,62): LVGL=(255, 200, 0, 254) Rust=(255, 200, 0, 255)
  (85,62): LVGL=(255, 200, 0, 254) Rust=(255, 200, 0, 255)
  (86,62): LVGL=(255, 200, 0, 254) Rust=(0, 0, 0, 0)
  (83,63): LVGL=(255, 200, 0, 0) Rust=(255, 200, 0, 255)
  (84,63): LVGL=(255, 200, 0, 254) Rust=(255, 200, 0, 255)
  (85,63): LVGL=(255, 200, 0, 254) Rust=(255, 200, 0, 255)
  (86,63): LVGL=(255, 200, 0, 254) Rust=(0, 0, 0, 0)
  (82,64): LVGL=(255, 200, 0, 0) Rust=(255, 200, 0, 15)
  (83,64): LVGL=(255, 200, 0, 0) Rust=(255, 200, 0, 255)
  (84,64): LVGL=(255, 200, 0, 254) Rust=(255, 200, 0, 255)
  (85,64): LVGL=(255, 200, 0, 254) Rust=(255, 200, 0, 240)
  (86,64): LVGL=(255, 200, 0, 254) Rust=(0, 0, 0, 0)
  (82,65): LVGL=(255, 200, 0, 0) Rust=(255, 200, 0, 63)
  (83,65): LVGL=(255, 200, 0, 14) Rust=(255, 200, 0, 255)
  (84,65): LVGL=(255, 200, 0, 254) Rust=(255, 200, 0, 255)
  (85,65): LVGL=(255, 200, 0, 254) Rust=(255, 200, 0, 192)
  (86,65): LVGL=(255, 200, 0, 239) Rust=(0, 0, 0, 0)
  (82,66): LVGL=(255, 200, 0, 0) Rust=(255, 200, 0, 79)
  (83,66): LVGL=(255, 200, 0, 62) Rust=(255, 200, 0, 255)
